-19.0125
-18.975
-18.9375
-18.9
-18.8625
-18.825
-18.7875
-18.75
-18.7125
-18.675
-18.6375
-18.6
-18.5625
-18.525
-18.4875
-18.45
-18.4125
-18.375
-18.3375
-18.3
-18.2625
-18.225
-18.1875
-18.15
-18.1125
-18.075
-18.0375
-18
-17.9625
-17.925
-17.8875
-17.85
-17.8125
-17.775
-17.7375
-17.7
-17.6625
-17.625
-17.5875
-17.55
-17.5125
-17.475
-17.4375
-17.4
-17.3625
-17.325
-17.2875
-17.25
-17.2125
-17.175
-17.1375
-17.1
-17.0625
-17.025
-16.9875
-16.95
-16.9125
-16.875
-16.8375
-16.8
-16.7625
-16.725
-16.6875
-16.65
-16.6125
-16.575
-16.5375
-16.5
-16.4625
-16.425
-16.3875
-16.35
-16.3125
-16.275
-16.2375
-16.2
-16.1625
-16.125
-16.0875
-16.05
-16.0125
-15.975
-15.9375
-15.9
-15.8625
-15.825
-15.7875
-15.75
-15.7125
-15.675
-15.6375
-15.6
-15.5625
-15.525
-15.4875
-15.45
-15.4125
-15.375
-15.3375
-15.3
-15.2625
-15.225
-15.1875
-15.15
-15.1125
-15.075
-15.0375
-15
-14.9625
-14.925
-14.8875
-14.85
-14.8125
-14.775
-14.7375
-14.7
-14.6625
-14.625
-14.5875
-14.55
-14.5125
-14.475
-14.4375
-14.4
-14.3625
-14.325
-14.2875
-14.25
-14.2125
-14.175
-14.1375
-14.1
-14.0625
-14.025
-13.9875
-13.95
-13.9125
-13.875
-13.8375
-13.8
-13.7625
-13.725
-13.6875
-13.65
-13.6125
-13.575
-13.5375
-13.5
-13.4625
-13.425
-13.3875
-13.35
-13.3125
-13.275
-13.2375
-13.2
-13.1625
-13.125
-13.0875
-13.05
-13.0125
-12.975
-12.9375
-12.9
-12.8625
-12.825
-12.7875
-12.75
-12.7125
-12.675
-12.6375
-12.6
-12.5625
-12.525
-12.4875
-12.45
-12.4125
-12.375
-12.3375
-12.3
-12.2625
-12.225
-12.1875
-12.15
-12.1125
-12.075
-12.0375
-12
-11.9625
-11.925
-11.8875
-11.85
-11.8125
-11.775
-11.7375
-11.7
-11.6625
-11.625
-11.5875
-11.55
-11.5125
-11.475
-11.4375
-11.4
-11.3625
-11.325
-11.2875
-11.25
-11.2125
-11.175
-11.1375
-11.1
-11.0625
-11.025
-10.9875
-10.95
-10.9125
-10.875
-10.8375
-10.8
-10.7625
-10.725
-10.6875
-10.65
-10.6125
-10.575
-10.5375
-10.5
-10.4625
-10.425
-10.3875
-10.35
-10.3125
-10.275
-10.2375
-10.2
-10.1625
-10.125
-10.0875
-10.05
-10.0125
-9.975
-9.9375
-9.9
-9.8625
-9.825
-9.7875
-9.75
-9.7125
-9.675
-9.6375
-9.6
-9.5625
-9.525
-9.4875
-9.45
-9.4125
-9.375
-9.3375
-9.3
-9.2625
-9.225
-9.1875
-9.15
-9.1125
-9.075
-9.0375
-9
-8.9625
-8.925
-8.8875
-8.85
-8.8125
-8.775
-8.7375
-8.7
-8.6625
-8.625
-8.5875
-8.55
-8.5125
-8.475
-8.4375
-8.4
-8.3625
-8.325
-8.2875
-8.25
-8.2125
-8.175
-8.1375
-8.1
-8.0625
-8.025
-7.9875
-7.95
-7.9125
-7.875
-7.8375
-7.8
-7.7625
-7.725
-7.6875
-7.65
-7.6125
-7.575
-7.5375
-7.5
-7.4625
-7.425
-7.3875
-7.35
-7.3125
-7.275
-7.2375
-7.2
-7.1625
-7.125
-7.0875
-7.05
-7.0125
-6.975
-6.9375
-6.9
-6.8625
-6.825
-6.7875
-6.75
-6.7125
-6.675
-6.6375
-6.6
-6.5625
-6.525
-6.4875
-6.45
-6.4125
-6.375
-6.3375
-6.3
-6.2625
-6.225
-6.1875
-6.15
-6.1125
-6.075
-6.0375
-6
-5.9625
-5.925
-5.8875
-5.85
-5.8125
-5.775
-5.7375
-5.7
-5.6625
-5.625
-5.5875
-5.55
-5.5125
-5.475
-5.4375
-5.4
-5.3625
-5.325
-5.2875
-5.25
-5.2125
-5.175
-5.1375
-5.1
-5.0625
-5.025
-4.9875
-4.95
-4.9125
-4.875
-4.8375
-4.8
-4.7625
-4.725
-4.6875
-4.65
-4.6125
-4.575
-4.5375
-4.5
-4.4625
-4.425
-4.3875
-4.35
-4.3125
-4.275
-4.2375
-4.2
-4.1625
-4.125
-4.0875
-4.05
-4.0125
-3.975
-3.9375
-3.9
-3.8625
-3.825
-3.7875
-3.75
-3.7125
-3.675
-3.6375
-3.6
-3.5625
-3.525
-3.4875
-3.45
-3.4125
-3.375
-3.3375
-3.3
-3.2625
-3.225
-3.1875
-3.15
-3.1125
-3.075
-3.0375
-3
-2.9625
-2.925
-2.8875
-2.85
-2.8125
-2.775
-2.7375
-2.7
-2.6625
-2.625
-2.5875
-2.55
-2.5125
-2.475
-2.4375
-2.4
-2.3625
-2.325
-2.2875
-2.25
-2.2125
-2.175
-2.1375
-2.1
-2.0625
-2.025
-1.9875
-1.95
-1.9125
-1.875
-1.8375
-1.8
-1.7625
-1.725
-1.6875
-1.65
-1.6125
-1.575
-1.5375
-1.5
-1.4625
-1.425
-1.3875
-1.35
-1.3125
-1.275
-1.2375
-1.2
-1.1625
-1.125
-1.0875
-1.05
-1.0125
-0.975000000000001
-0.9375
-0.899999999999999
-0.862500000000001
-0.824999999999999
-0.787500000000001
-0.75
-0.712499999999999
-0.675000000000001
-0.637499999999999
-0.600000000000001
-0.5625
-0.524999999999999
-0.487500000000001
-0.449999999999999
-0.412500000000001
-0.375
-0.337499999999999
-0.300000000000001
-0.262499999999999
-0.225000000000001
-0.1875
-0.149999999999999
-0.112500000000001
-0.0749999999999993
-0.0375000000000014
0
0.0375000000000014
0.0749999999999993
0.112500000000001
0.149999999999999
0.1875
0.225000000000001
0.262499999999999
0.300000000000001
0.337499999999999
0.375
0.412500000000001
0.449999999999999
0.487500000000001
0.524999999999999
0.5625
0.600000000000001
0.637499999999999
0.675000000000001
0.712499999999999
0.75
0.787500000000001
0.824999999999999
0.862500000000001
0.899999999999999
0.9375
0.975000000000001
1.0125
1.05
1.0875
1.125
1.1625
1.2
1.2375
1.275
1.3125
1.35
1.3875
1.425
1.4625
1.5
1.5375
1.575
1.6125
1.65
1.6875
1.725
1.7625
1.8
1.8375
1.875
1.9125
1.95
1.9875
2.025
2.0625
2.1
2.1375
2.175
2.2125
2.25
2.2875
2.325
2.3625
2.4
2.4375
2.475
2.5125
2.55
2.5875
2.625
2.6625
2.7
2.7375
2.775
2.8125
2.85
2.8875
2.925
2.9625
3
3.0375
3.075
3.1125
3.15
3.1875
3.225
3.2625
3.3
3.3375
3.375
3.4125
3.45
3.4875
3.525
3.5625
3.6
3.6375
3.675
3.7125
3.75
3.7875
3.825
3.8625
3.9
3.9375
3.975
4.0125
4.05
4.0875
4.125
4.1625
4.2
4.2375
4.275
4.3125
4.35
4.3875
4.425
4.4625
4.5
4.5375
4.575
4.6125
4.65
4.6875
4.725
4.7625
4.8
4.8375
4.875
4.9125
4.95
4.9875
5.025
5.0625
5.1
5.1375
5.175
5.2125
5.25
5.2875
5.325
5.3625
5.4
5.4375
5.475
5.5125
5.55
5.5875
5.625
5.6625
5.7
5.7375
5.775
5.8125
5.85
5.8875
5.925
5.9625
6
6.0375
6.075
6.1125
6.15
6.1875
6.225
6.2625
6.3
6.3375
6.375
6.4125
6.45
6.4875
6.525
6.5625
6.6
6.6375
6.675
6.7125
6.75
6.7875
6.825
6.8625
6.9
6.9375
6.975
7.0125
7.05
7.0875
7.125
7.1625
7.2
7.2375
7.275
7.3125
7.35
7.3875
7.425
7.4625
7.5
7.5375
7.575
7.6125
7.65
7.6875
7.725
7.7625
7.8
7.8375
7.875
7.9125
7.95
7.9875
8.025
8.0625
8.1
8.1375
8.175
8.2125
8.25
8.2875
8.325
8.3625
8.4
8.4375
8.475
8.5125
8.55
8.5875
8.625
8.6625
8.7
8.7375
8.775
8.8125
8.85
8.8875
8.925
8.9625
9
9.0375
9.075
9.1125
9.15
9.1875
9.225
9.2625
9.3
9.3375
9.375
9.4125
9.45
9.4875
9.525
9.5625
9.6
9.6375
9.675
9.7125
9.75
9.7875
9.825
9.8625
9.9
9.9375
9.975
10.0125
10.05
10.0875
10.125
10.1625
10.2
10.2375
10.275
10.3125
10.35
10.3875
10.425
10.4625
10.5
10.5375
10.575
10.6125
10.65
10.6875
10.725
10.7625
10.8
10.8375
10.875
10.9125
10.95
10.9875
11.025
11.0625
11.1
11.1375
11.175
11.2125
11.25
11.2875
11.325
11.3625
11.4
11.4375
11.475
11.5125
11.55
11.5875
11.625
11.6625
11.7
11.7375
11.775
11.8125
11.85
11.8875
11.925
11.9625
12
12.0375
12.075
12.1125
12.15
12.1875
12.225
12.2625
12.3
12.3375
12.375
12.4125
12.45
12.4875
12.525
12.5625
12.6
12.6375
12.675
12.7125
12.75
12.7875
12.825
12.8625
12.9
12.9375
12.975
13.0125
13.05
13.0875
13.125
13.1625
13.2
13.2375
13.275
13.3125
13.35
13.3875
13.425
13.4625
13.5
13.5375
13.575
13.6125
13.65
13.6875
13.725
13.7625
13.8
13.8375
13.875
13.9125
13.95
13.9875
14.025
14.0625
14.1
14.1375
14.175
14.2125
14.25
14.2875
14.325
14.3625
14.4
14.4375
14.475
14.5125
14.55
14.5875
14.625
14.6625
14.7
14.7375
14.775
14.8125
14.85
14.8875
14.925
14.9625
15
15.0375
15.075
15.1125
15.15
15.1875
15.225
15.2625
15.3
15.3375
15.375
15.4125
15.45
15.4875
15.525
15.5625
15.6
15.6375
15.675
15.7125
15.75
15.7875
15.825
15.8625
15.9
15.9375
15.975
16.0125
16.05
16.0875
16.125
16.1625
16.2
16.2375
16.275
16.3125
16.35
16.3875
16.425
16.4625
16.5
16.5375
16.575
16.6125
16.65
16.6875
16.725
16.7625
16.8
16.8375
16.875
16.9125
16.95
16.9875
17.025
17.0625
17.1
17.1375
17.175
17.2125
17.25
17.2875
17.325
17.3625
17.4
17.4375
17.475
17.5125
17.55
17.5875
17.625
17.6625
17.7
17.7375
17.775
17.8125
17.85
17.8875
17.925
17.9625
18
18.0375
18.075
18.1125
18.15
18.1875
18.225
18.2625
18.3
18.3375
18.375
18.4125
18.45
18.4875
18.525
18.5625
18.6
18.6375
18.675
18.7125
18.75
18.7875
18.825
18.8625
18.9
18.9375
18.975
19.0125
19.05
19.0875
19.125
19.1625
19.2
19.2375
19.275
19.3125
19.35
19.3875
19.425
19.4625
19.5
19.5375
19.575
19.6125
19.65
19.6875
19.725
19.7625
19.8
19.8375
19.875
19.9125
19.95
19.9875
20.025
20.0625
20.1
20.1375
20.175
20.2125
20.25
20.2875
20.325
20.3625
20.4
20.4375
20.475
20.5125
20.55
20.5875
20.625
20.6625
20.7
20.7375
20.775
20.8125
20.85
20.8875
20.925
20.9625
21
21.0375
21.075
21.1125
21.15
21.1875
21.225
21.2625
21.3
21.3375
21.375
21.4125
21.45
21.4875
21.525
21.5625
21.6
21.6375
21.675
21.7125
21.75
21.7875
21.825
21.8625
21.9
21.9375
21.975
22.0125
22.05
22.0875
22.125
22.1625
22.2
22.2375
22.275
22.3125
22.35
22.3875
22.425
22.4625
22.5
22.5375
22.575
22.6125
22.65
22.6875
22.725
22.7625
22.8
22.8375
22.875
22.9125
22.95
22.9875
23.025
23.0625
23.1
23.1375
23.175
23.2125
23.25
23.2875
23.325
23.3625
23.4
23.4375
23.475
23.5125
23.55
23.5875
23.625
23.6625
23.7
23.7375
23.775
23.8125
23.85
23.8875
23.925
23.9625
24
24.0375
24.075
24.1125
24.15
24.1875
24.225
24.2625
24.3
24.3375
24.375
24.4125
24.45
24.4875
24.525
24.5625
24.6
24.6375
24.675
24.7125
24.75
24.7875
24.825
24.8625
24.9
24.9375
24.975
25.0125
25.05
25.0875
25.125
25.1625
25.2
25.2375
25.275
25.3125
25.35
25.3875
25.425
25.4625
25.5
25.5375
25.575
25.6125
25.65
25.6875
25.725
25.7625
25.8
25.8375
25.875
25.9125
25.95
25.9875
26.025
26.0625
26.1
26.1375
26.175
26.2125
26.25
26.2875
26.325
26.3625
26.4
26.4375
26.475
26.5125
26.55
26.5875
26.625
26.6625
26.7
26.7375
26.775
26.8125
26.85
26.8875
26.925
26.9625
27
27.0375
27.075
27.1125
27.15
27.1875
27.225
27.2625
27.3
27.3375
27.375
27.4125
27.45
27.4875
27.525
27.5625
27.6
27.6375
27.675
27.7125
27.75
27.7875
27.825
27.8625
27.9
27.9375
27.975
28.0125
28.05
28.0875
28.125
28.1625
28.2
28.2375
28.275
28.3125
28.35
28.3875
28.425
28.4625
28.5
28.5375
28.575
28.6125
28.65
28.6875
28.725
28.7625
28.8
28.8375
28.875
28.9125
28.95
28.9875
29.025
29.0625
29.1
29.1375
29.175
29.2125
29.25
29.2875
29.325
29.3625
29.4
29.4375
29.475
29.5125
29.55
29.5875
29.625
29.6625
29.7
29.7375
29.775
29.8125
29.85
29.8875
29.925
29.9625
30
30.0375
30.075
30.1125
30.15
30.1875
30.225
30.2625
30.3
30.3375
30.375
30.4125
30.45
30.4875
30.525
30.5625
30.6
30.6375
30.675
30.7125
30.75
30.7875
30.825
30.8625
30.9
30.9375
30.975
31.0125
31.05
31.0875
31.125
31.1625
31.2
31.2375
31.275
31.3125
31.35
31.3875
31.425
31.4625
31.5
31.5375
31.575
31.6125
31.65
31.6875
31.725
31.7625
31.8
31.8375
31.875
31.9125
31.95
31.9875
32.025
32.0625
32.1
32.1375
32.175
32.2125
32.25
32.2875
32.325
32.3625
32.4
32.4375
32.475
32.5125
32.55
32.5875
32.625
32.6625
32.7
32.7375
32.775
32.8125
32.85
32.8875
32.925
32.9625
33
33.0375
33.075
33.1125
33.15
33.1875
33.225
33.2625
33.3
33.3375
33.375
33.4125
33.45
33.4875
33.525
33.5625
33.6
33.6375
33.675
33.7125
33.75
33.7875
33.825
33.8625
33.9
33.9375
33.975
34.0125
34.05
34.0875
34.125
34.1625
34.2
34.2375
34.275
34.3125
34.35
34.3875
34.425
34.4625
34.5
34.5375
34.575
34.6125
34.65
34.6875
34.725
34.7625
34.8
34.8375
34.875
34.9125
34.95
34.9875
35.025
35.0625
35.1
35.1375
35.175
35.2125
35.25
35.2875
35.325
35.3625
35.4
35.4375
35.475
35.5125
35.55
35.5875
35.625
35.6625
35.7
35.7375
35.775
35.8125
35.85
35.8875
35.925
35.9625
36
36.0375
36.075
36.1125
36.15
36.1875
36.225
36.2625
36.3
36.3375
36.375
36.4125
36.45
36.4875
36.525
36.5625
36.6
36.6375
36.675
36.7125
36.75
36.7875
36.825
36.8625
36.9
36.9375
36.975
37.0125
37.05
37.0875
37.125
37.1625
37.2
37.2375
37.275
37.3125
37.35
37.3875
37.425
37.4625
37.5
37.5375
37.575
37.6125
37.65
37.6875
37.725
37.7625
37.8
37.8375
37.875
37.9125
37.95
37.9875
38.025
38.0625
38.1
38.1375
38.175
38.2125
38.25
38.2875
38.325
38.3625
38.4
38.4375
38.475
38.5125
38.55
38.5875
38.625
38.6625
38.7
38.7375
38.775
38.8125
38.85
38.8875
38.925
38.9625
39
39.0375
39.075
39.1125
39.15
39.1875
39.225
39.2625
39.3
39.3375
39.375
39.4125
39.45
39.4875
39.525
39.5625
39.6
39.6375
39.675
39.7125
39.75
39.7875
39.825
39.8625
39.9
39.9375
39.975
40.0125
40.05
40.0875
40.125
40.1625
40.2
40.2375
40.275
40.3125
40.35
40.3875
40.425
40.4625
40.5
40.5375
40.575
40.6125
40.65
40.6875
40.725
40.7625
40.8
40.8375
40.875
40.9125
40.95
40.9875
41.025
41.0625
41.1
41.1375
41.175
41.2125
41.25
41.2875
41.325
41.3625
41.4
41.4375
41.475
41.5125
41.55
41.5875
41.625
41.6625
41.7
41.7375
41.775
41.8125
41.85
41.8875
41.925
41.9625
42
42.0375
42.075
42.1125
42.15
42.1875
42.225
42.2625
42.3
42.3375
42.375
42.4125
42.45
42.4875
42.525
42.5625
42.6
42.6375
42.675
42.7125
42.75
42.7875
42.825
42.8625
42.9
42.9375
42.975
43.0125
43.05
43.0875
43.125
43.1625
43.2
43.2375
43.275
43.3125
43.35
43.3875
43.425
43.4625
43.5
43.5375
43.575
43.6125
43.65
43.6875
43.725
43.7625
43.8
43.8375
43.875
43.9125
43.95
43.9875
44.025
44.0625
44.1
44.1375
44.175
44.2125
44.25
44.2875
44.325
44.3625
44.4
44.4375
44.475
44.5125
44.55
44.5875
44.625
44.6625
44.7
44.7375
44.775
44.8125
44.85
44.8875
44.925
44.9625
45
45.0375
45.075
45.1125
45.15
45.1875
45.225
45.2625
45.3
45.3375
45.375
45.4125
45.45
45.4875
45.525
45.5625
45.6
45.6375
45.675
45.7125
45.75
45.7875
45.825
45.8625
45.9
45.9375
45.975
46.0125
46.05
46.0875
46.125
46.1625
46.2
46.2375
46.275
46.3125
46.35
46.3875
46.425
46.4625
46.5
46.5375
46.575
46.6125
46.65
46.6875
46.725
46.7625
46.8
46.8375
46.875
46.9125
46.95
46.9875
47.025
47.0625
47.1
47.1375
47.175
47.2125
47.25
47.2875
47.325
47.3625
47.4
47.4375
47.475
47.5125
47.55
47.5875
47.625
47.6625
47.7
47.7375
47.775
47.8125
47.85
47.8875
47.925
47.9625
48
48.0375
48.075
48.1125
48.15
48.1875
48.225
48.2625
48.3
48.3375
48.375
48.4125
48.45
48.4875
48.525
48.5625
48.6
48.6375
48.675
48.7125
48.75
48.7875
48.825
48.8625
48.9
48.9375
48.975
49.0125
49.05
49.0875
49.125
49.1625
49.2
49.2375
49.275
49.3125
49.35
49.3875
49.425
49.4625
49.5
49.5375
49.575
49.6125
49.65
49.6875
49.725
49.7625
49.8
49.8375
49.875
49.9125
49.95
49.9875
50.025
50.0625
50.1
50.1375
50.175
50.2125
50.25
50.2875
50.325
50.3625
50.4
50.4375
50.475
50.5125
50.55
50.5875
50.625
50.6625
50.7
50.7375
50.775
50.8125
50.85
50.8875
50.925
50.9625
51
51.0375
51.075
51.1125
51.15
51.1875
51.225
51.2625
51.3
51.3375
51.375
51.4125
51.45
51.4875
51.525
51.5625
51.6
51.6375
51.675
51.7125
51.75
51.7875
51.825
51.8625
51.9
51.9375
51.975
